Loop number | Prosperity | Total Cooperators | Average RoleConProb | Average RoleNeighborConProb
5, 24.372615039281705, 50, 0.5025, 0.505
10, 23.17171717171717, 49, 0.51, 0.5025
15, 22.34455667789001, 48, 0.515, 0.5025
20, 20.6307519640853, 45, 0.5125, 0.505
25, 18.869809203142538, 42, 0.505, 0.515
30, 18.13804713804714, 42, 0.5025, 0.525
35, 18.410774410774412, 45, 0.5025, 0.515
40, 18.510662177328843, 47, 0.4975, 0.515
45, 17.79573512906846, 46, 0.5025, 0.515
50, 16.31425364758698, 44, 0.5025, 0.525
55, 15.470258136924803, 43, 0.5025, 0.53
60, 15.392817059483727, 45, 0.4975, 0.54
65, 15.877665544332212, 48, 0.4975, 0.54
70, 16.377104377104377, 50, 0.505, 0.5375
75, 15.800224466891134, 50, 0.505, 0.545
80, 16.127946127946128, 52, 0.49, 0.5375
85, 16.221099887766556, 52, 0.495, 0.5425
90, 15.927048260381593, 52, 0.495, 0.54
95, 14.872053872053872, 50, 0.4925, 0.535
100, 14.554433221099888, 52, 0.49, 0.5375
105, 13.709315375982042, 50, 0.495, 0.5375
110, 13.387205387205386, 52, 0.4975, 0.535
115, 12.549943883277217, 51, 0.5025, 0.5225
120, 12.258136924803592, 50, 0.5, 0.5275
125, 12.760942760942761, 51, 0.5025, 0.535
130, 12.705948372615039, 51, 0.5, 0.52
135, 12.141414141414142, 50, 0.5075, 0.5175
140, 11.866442199775532, 48, 0.5075, 0.5225
145, 12.19304152637486, 50, 0.5075, 0.52
150, 11.607182940516275, 50, 0.5075, 0.5125
155, 11.434343434343434, 49, 0.5025, 0.515
160, 11.676767676767676, 51, 0.5, 0.53
165, 11.833894500561168, 50, 0.505, 0.5375
170, 11.558922558922559, 50, 0.5075, 0.5325
175, 11.459034792368126, 50, 0.5125, 0.5225
180, 10.911335578002245, 49, 0.51, 0.515
185, 10.358024691358024, 48, 0.5075, 0.53
190, 10.093153759820426, 46, 0.51, 0.53625
195, 9.868686868686869, 45, 0.5125, 0.54
200, 10.118967452300785, 45, 0.5125, 0.54
205, 10.27384960718294, 47, 0.5125, 0.555
210, 9.861952861952862, 45, 0.52, 0.57375
215, 9.810325476992144, 45, 0.5125, 0.575
220, 9.921436588103255, 46, 0.505, 0.5825
225, 10.19753086419753, 48, 0.51, 0.575625
230, 10.585858585858587, 49, 0.515, 0.574375
235, 11.030303030303031, 51, 0.5125, 0.584375
240, 10.603815937149271, 49, 0.52625, 0.59625
245, 10.395061728395062, 50, 0.53, 0.58875
250, 9.790123456790123, 48, 0.5325, 0.581875
255, 9.58473625140292, 48, 0.5375, 0.55625
260, 9.162738496071828, 48, 0.5325, 0.544375
265, 8.68462401795735, 49, 0.535, 0.5125
270, 8.419753086419753, 48, 0.52625, 0.50625
275, 7.861952861952862, 47, 0.5275, 0.504375
280, 8.2996632996633, 49, 0.5275, 0.496875
285, 8.316498316498317, 51, 0.52125, 0.48125
290, 8.346801346801346, 53, 0.51625, 0.4675
295, 8.699214365881032, 54, 0.50125, 0.464375
300, 8.64983164983165, 55, 0.49, 0.468125
305, 8.154882154882156, 54, 0.4875, 0.4625
310, 7.205387205387205, 52, 0.4825, 0.449375
315, 7.127946127946128, 54, 0.48375, 0.433125
320, 6.5353535353535355, 53, 0.48625, 0.42
325, 6.386083052749719, 53, 0.4875, 0.41125
330, 6.534231200897868, 53, 0.4825, 0.42125
335, 6.758698092031426, 52, 0.47125, 0.445625
340, 7.0246913580246915, 51, 0.4525, 0.464375
345, 6.993265993265993, 51, 0.4425, 0.4775
350, 6.910213243546577, 47, 0.43625, 0.49125
355, 7.534231200897867, 48, 0.4275, 0.5125
360, 7.309764309764309, 47, 0.415, 0.505625
365, 6.757575757575758, 46, 0.41375, 0.508125
370, 6.423120089786756, 45, 0.415, 0.54125
375, 6.305274971941639, 45, 0.4325, 0.530625
380, 6.26374859708193, 45, 0.445, 0.5325
385, 6.363636363636363, 44, 0.45375, 0.531875
390, 6.4579124579124585, 43, 0.45125, 0.5296875
395, 6.227833894500561, 42, 0.465, 0.5271875
400, 6.105499438832772, 45, 0.46125, 0.5321875
405, 5.753086419753087, 44, 0.4625, 0.5375
410, 6.367003367003367, 46, 0.46625, 0.5715625
415, 6.234567901234568, 47, 0.46875, 0.5578125
420, 5.938271604938271, 47, 0.4575, 0.53125
425, 6.1739618406285075, 48, 0.4525, 0.53125
430, 6.23905723905724, 49, 0.4575, 0.5471875
435, 5.6913580246913575, 50, 0.45, 0.55
440, 5.6487093153759815, 48, 0.4475, 0.539375
445, 5.62401795735129, 49, 0.43125, 0.5265625
450, 5.2727272727272725, 48, 0.44125, 0.503125
455, 5.139169472502806, 49, 0.43375, 0.4840625
460, 5.019079685746353, 49, 0.44375, 0.4775
465, 5.0740740740740735, 52, 0.44375, 0.479375
470, 4.985409652076319, 52, 0.44375, 0.4671875
475, 5.1526374859708195, 54, 0.44375, 0.4528125
480, 5.028058361391695, 55, 0.43875, 0.413125
485, 4.914702581369248, 56, 0.4525, 0.401875
490, 5.053872053872054, 58, 0.47, 0.40375
495, 5.1806958473625135, 58, 0.498125, 0.404375
500, 5.133557800224467, 57, 0.511875, 0.39
505, 5.0740740740740735, 59, 0.526875, 0.39
510, 5.101010101010101, 61, 0.550625, 0.3778125
515, 5.15712682379349, 61, 0.534375, 0.3771875
520, 5.179573512906846, 62, 0.531875, 0.3696875
525, 5.253647586980921, 62, 0.509375, 0.369375
530, 5.506172839506173, 62, 0.500625, 0.370625
535, 5.139169472502806, 61, 0.486875, 0.3778125
540, 4.75645342312009, 58, 0.473125, 0.393125
545, 4.178451178451178, 55, 0.473125, 0.390625
550, 3.890011223344557, 52, 0.471875, 0.396875
555, 3.72615039281706, 49, 0.473125, 0.3771875
560, 3.5982042648709314, 48, 0.460625, 0.3803125
565, 4.112233445566779, 51, 0.449375, 0.3940625
570, 4.103254769921437, 50, 0.448125, 0.3921875
575, 4.07631874298541, 48, 0.435625, 0.3975
580, 3.7856341189674523, 46, 0.435625, 0.38875
585, 3.9079685746352415, 48, 0.428125, 0.39125
590, 4.007856341189674, 49, 0.424375, 0.399375
595, 4.141414141414142, 49, 0.431875, 0.41
600, 4.196408529741863, 46, 0.426875, 0.4234375
605, 4.208754208754209, 45, 0.440625, 0.430625
610, 4.65993265993266, 46, 0.441875, 0.4325
615, 4.97979797979798, 48, 0.455625, 0.4409375
620, 5.084175084175084, 47, 0.444375, 0.4509375
625, 5.087542087542087, 48, 0.435625, 0.4478125
630, 5.164983164983164, 48, 0.418125, 0.4475
635, 5.143658810325477, 50, 0.414375, 0.44
640, 4.965207631874299, 51, 0.410625, 0.434375
645, 5.03030303030303, 50, 0.393125, 0.4415625
650, 4.653198653198653, 48, 0.386875, 0.4359375
655, 4.26374859708193, 46, 0.375625, 0.435
660, 4.075196408529742, 44, 0.378125, 0.4275
665, 4.107744107744108, 43, 0.369375, 0.4346875
670, 4.1313131313131315, 46, 0.36875, 0.4346875
675, 4.005611672278339, 44, 0.36375, 0.431875
680, 3.939393939393939, 42, 0.355, 0.4196875
685, 3.9068462401795734, 42, 0.355, 0.4225
690, 3.9057239057239053, 42, 0.35375, 0.4178125
695, 3.890011223344557, 43, 0.34875, 0.41125
700, 3.8686868686868685, 44, 0.35, 0.41125
705, 3.877665544332211, 42, 0.34375, 0.41125
710, 3.9652076318742986, 42, 0.34375, 0.410625
715, 4.061728395061729, 44, 0.35, 0.4015625
720, 3.9820426487093155, 45, 0.365, 0.395
725, 4.208754208754209, 46, 0.38125, 0.39625
730, 3.8058361391694726, 46, 0.39, 0.3740625
735, 3.6936026936026933, 47, 0.39625, 0.3603125
740, 3.6015712682379344, 49, 0.4125, 0.353125
745, 3.4994388327721664, 52, 0.4175, 0.3415625
750, 3.5230078563411897, 54, 0.4175, 0.3275
755, 3.4388327721661054, 54, 0.41125, 0.3221875
760, 3.5230078563411897, 54, 0.40875, 0.318125
765, 3.207631874298541, 53, 0.40125, 0.3175
770, 3.099887766554433, 51, 0.40625, 0.315625
775, 3.0549943883277217, 50, 0.40375, 0.31625
780, 2.90347923681257, 50, 0.40875, 0.30875
785, 2.907968574635241, 49, 0.40875, 0.3125
790, 2.8496071829405163, 48, 0.41875, 0.3165625
795, 2.762065095398429, 47, 0.41625, 0.3159375
800, 2.750841750841751, 48, 0.4125, 0.34578125
805, 2.6083052749719418, 50, 0.42125, 0.34890625
810, 2.5140291806958475, 51, 0.42625, 0.34828125
815, 2.1077441077441077, 50, 0.425, 0.338125
820, 2.176206509539843, 51, 0.4275, 0.35453125
825, 2.1627384960718294, 50, 0.42125, 0.37234375
830, 1.8832772166105498, 51, 0.4125, 0.366953125
835, 1.8540965207631872, 52, 0.40875, 0.373359375
840, 1.8686868686868685, 51, 0.40375, 0.368125
845, 1.8608305274971944, 51, 0.3975, 0.37671875
850, 1.9292929292929293, 51, 0.39375, 0.374296875
855, 1.898989898989899, 53, 0.38375, 0.39078125
860, 1.9124579124579124, 53, 0.36875, 0.400546875
865, 1.870931537598204, 53, 0.36875, 0.4065625
870, 1.7463524130190797, 51, 0.376875, 0.4063671875
875, 1.8641975308641974, 52, 0.43, 0.410703125
880, 2.0280583613916945, 51, 0.468125, 0.4151953125
885, 2.2255892255892253, 52, 0.515, 0.424609375
890, 1.9528619528619526, 50, 0.535625, 0.4200390625
895, 1.580246913580247, 48, 0.528125, 0.40748046875
900, 1.7530864197530864, 49, 0.5353125, 0.405625
905, 1.7149270482603816, 51, 0.5384375, 0.3870703125
910, 1.7272727272727273, 50, 0.5434375, 0.3864453125
915, 1.6217732884399552, 52, 0.5459375, 0.3851953125
920, 1.6711560044893377, 56, 0.5446875, 0.3818359375
925, 1.7485970819304153, 55, 0.5503125, 0.37765625
930, 1.5667789001122332, 53, 0.540625, 0.37763671875
935, 1.4870931537598204, 54, 0.544375, 0.37130859375
940, 1.542087542087542, 52, 0.535, 0.36291015625
945, 2.078563411896745, 53, 0.53875, 0.35869140625
950, 2.3120089786756455, 54, 0.51875, 0.39423828125
955, 2.4792368125701456, 53, 0.51375, 0.39853515625
960, 2.6632996632996635, 54, 0.509375, 0.40849609375
965, 2.6262626262626263, 56, 0.499375, 0.40396484375
970, 2.666666666666667, 58, 0.490625, 0.40068359375
975, 2.718294051627385, 59, 0.484375, 0.40708984375
980, 2.5308641975308643, 57, 0.48625, 0.409453125
985, 2.536475869809203, 58, 0.49, 0.4003125
990, 2.4276094276094278, 55, 0.485, 0.3978125
995, 2.4781144781144784, 55, 0.48125, 0.410546875
1000, 2.4826038159371495, 55, 0.466875, 0.4207421875
1005, 2.507295173961841, 55, 0.44625, 0.413046875
1010, 2.5028058361391694, 54, 0.4225, 0.40435546875
1015, 2.5723905723905727, 54, 0.413125, 0.40728515625
1020, 2.6363636363636362, 54, 0.423125, 0.40673828125
1025, 2.323232323232323, 53, 0.454375, 0.40634765625
1030, 2.292929292929293, 52, 0.5178125, 0.401875
1035, 2.4219977553310885, 53, 0.5459375, 0.4063671875
1040, 2.4826038159371495, 55, 0.5646875, 0.393125
1045, 2.5735129068462403, 55, 0.6196875, 0.39623046875
1050, 2.6195286195286194, 56, 0.66875, 0.3845703125
1055, 2.5331088664421997, 54, 0.7203125, 0.38173828125
1060, 2.5230078563411897, 55, 0.770625, 0.38259765625
1065, 2.538720538720539, 54, 0.765625, 0.37416015625
1070, 2.7856341189674523, 55, 0.8215625, 0.3606640625
1075, 2.6240179573512905, 53, 0.8909375, 0.35837890625
1080, 2.686868686868687, 51, 0.9171875, 0.36517578125
1085, 1.8641975308641974, 49, 0.94421875, 0.36029296875
1090, 1.8092031425364759, 50, 0.92703125, 0.34630859375
1095, 1.9461279461279462, 53, 1.0309375, 0.349677734375
1100, 1.9573512906846242, 51, 1.10796875, 0.3751953125
1105, 1.9079685746352413, 51, 1.1878125, 0.38515625
1110, 1.4859708193041525, 49, 1.214375, 0.3965625
1115, 1.4635241301907969, 47, 1.304375, 0.393203125
1120, 1.462401795735129, 46, 1.364375, 0.400859375
1125, 1.5768799102132434, 47, 1.4334375, 0.4034375
1130, 1.606060606060606, 49, 1.3871875, 0.40951171875
1135, 1.5488215488215489, 49, 1.359375, 0.39685546875
1140, 1.5331088664422, 51, 1.32953125, 0.391787109375
1145, 1.7474747474747476, 49, 1.27453125, 0.385791015625
1150, 1.6610549943883275, 48, 1.21484375, 0.372548828125
1155, 1.6812570145903478, 49, 1.13640625, 0.360595703125
1160, 1.6722783389450058, 49, 1.13453125, 0.361064453125
1165, 1.682379349046016, 47, 1.100625, 0.35916015625
1170, 1.728395061728395, 47, 1.0790625, 0.3637109375
1175, 1.7789001122334458, 45, 1.07890625, 0.357255859375
1180, 1.791245791245791, 45, 1.0553125, 0.3546875
1185, 1.496071829405163, 45, 0.9853125, 0.3534375
1190, 1.4848484848484849, 45, 0.9578125, 0.3553515625
1195, 1.4691358024691359, 46, 0.92078125, 0.359306640625
1200, 1.5409652076318743, 47, 0.89359375, 0.364052734375
1205, 1.575757575757576, 47, 0.88671875, 0.392939453125
1210, 1.6004489337822674, 47, 0.85765625, 0.399267578125
1215, 1.610549943883277, 46, 0.86171875, 0.408759765625
1220, 2.0617283950617282, 47, 0.85734375, 0.4491015625
1225, 2.268237934904602, 47, 0.82359375, 0.517227783203125
1230, 2.3524130190796857, 44, 0.7659375, 0.5871337890625
1235, 2.0448933782267114, 43, 0.6965625, 0.6053131103515625
1240, 2.1773288439955105, 44, 0.684375, 0.6441346740722657
1245, 2.3804713804713806, 43, 0.66265625, 0.7359089660644531
1250, 2.6026936026936025, 42, 0.65796875, 0.8022368621826171
1255, 2.759820426487093, 42, 0.645546875, 0.9033076477050781
1260, 2.9068462401795734, 39, 0.631015625, 0.9147866439819335
1265, 2.942760942760943, 41, 0.625703125, 0.9349616622924805
1270, 2.994388327721661, 43, 0.597578125, 0.9322270965576172
1275, 3.089786756453423, 44, 0.587265625, 0.9542673873901367
1280, 3.3052749719416386, 46, 0.568984375, 1.0055937957763672
1285, 3.3019079685746355, 48, 0.545078125, 0.9873324584960937
1290, 3.3883277216610552, 46, 0.51765625, 1.0068822860717774
1295, 3.424242424242424, 48, 0.514609375, 1.0446934509277344
1300, 3.5084175084175087, 49, 0.48390625, 1.0446223831176757
1305, 3.5185185185185186, 51, 0.4815625, 1.014134292602539
1310, 3.5488215488215484, 51, 0.43984375, 0.9959266424179077
1315, 3.6442199775533113, 49, 0.431640625, 0.9639424586296081
1320, 4.36026936026936, 51, 0.4186328125, 0.9210236811637879
1325, 4.381593714927049, 50, 0.4028125, 0.9449676430225372
1330, 4.57912457912458, 50, 0.39765625, 0.945506300330162
1335, 4.721661054994388, 50, 0.3914453125, 1.0365301638841629
1340, 4.902356902356902, 50, 0.3787890625, 1.0849133112281562
1345, 5.015712682379349, 50, 0.372109375, 1.1449351854249834
1350, 4.433221099887766, 48, 0.3658984375, 1.226624697074294
1355, 4.529741863075197, 49, 0.3626171875, 1.2649183396995067
1360, 4.6206509539842875, 50, 0.353828125, 1.332113587781787
1365, 4.755331088664422, 54, 0.3422265625, 1.4197556139156222
1370, 4.8900112233445565, 55, 0.338359375, 1.410843613371253
1375, 4.993265993265993, 54, 0.29806640625, 1.370244080685079
1380, 5.160493827160494, 52, 0.28224609375, 1.3802094792574644
1385, 5.245791245791246, 55, 0.26115234375, 1.382553947530687
1390, 5.234567901234568, 56, 0.26115234375, 1.324823795966804
1395, 5.153759820426488, 55, 0.22353515625, 1.284754997007549
1400, 5.380471380471381, 54, 0.22037109375, 1.2305411404930056
1405, 5.059483726150392, 53, 0.20314453125, 1.2255107151530682
1410, 4.9674523007856335, 53, 0.20103515625, 1.1888585361652075
1415, 4.934904601571268, 54, 0.19962890625, 1.1603960140235723
1420, 4.896745230078563, 55, 0.1870703125, 1.1278456904552876
1425, 4.2996632996633, 51, 0.18513671875, 1.0945723223499955
1430, 3.482603815937149, 52, 0.17423828125, 1.0839247216843069
1435, 3.4354657687991024, 53, 0.1658984375, 1.0271404061280192
1440, 4.040404040404041, 54, 0.1623828125, 0.9215508551336825
1445, 4.016835016835016, 54, 0.15412109375, 0.9151579779200256
1450, 3.9102132435465764, 54, 0.15359375, 0.8899455814808607
1455, 4.052749719416386, 53, 0.1546484375, 0.8890282871201635
1460, 3.9910213243546577, 53, 0.1556640625, 0.8812756440974772
1465, 4.08641975308642, 55, 0.1233203125, 0.8804791954904795
1470, 4.117845117845118, 54, 0.1271875, 0.856022412031889
1475, 4.156004489337823, 55, 0.1261328125, 0.8654562987014651
1480, 4.129068462401795, 57, 0.12015625, 0.8568727468885481
1485, 4.097643097643098, 57, 0.116640625, 0.8505359632149339
1490, 4.108866442199775, 59, 0.12015625, 0.8472132458724082
1495, 3.778900112233446, 57, 0.1178125, 0.8228590237163007
1500, 3.72615039281706, 57, 0.11763671875, 0.8324807156436145
1505, 3.7250280583613917, 57, 0.10697265625, 0.8268928273022175
1510, 3.6823793490460157, 58, 0.09958984375, 0.8238226674310863
1515, 3.6565656565656566, 56, 0.09888671875, 0.8257133496925235
1520, 3.61952861952862, 54, 0.09537109375, 0.8137027328833938
1525, 3.520763187429854, 54, 0.09431640625, 0.8107825691811741
1530, 2.850729517396184, 49, 0.09361328125, 0.8152436554245651
1535, 2.7878787878787876, 50, 0.09255859375, 0.7882692619040609
1540, 3.5095398428731763, 50, 0.0909765625, 0.775212665554136
1545, 3.5499438832772165, 51, 0.08798828125, 0.7611826813034713
1550, 3.5028058361391694, 52, 0.087109375, 0.7616413284838199
1555, 3.4882154882154883, 52, 0.085703125, 0.7392930022068321
1560, 2.861952861952862, 51, 0.085703125, 0.7248604643158615
1565, 2.9539842873176205, 48, 0.07919921875, 0.7295213141106069
1570, 2.994388327721661, 48, 0.07599609375, 0.7295986693538725
1575, 2.919191919191919, 50, 0.07599609375, 0.683895632699132
1580, 2.8933782267115604, 51, 0.07599609375, 0.6935173246264458
1585, 2.9113355780022445, 53, 0.0758203125, 0.6935173246264458
1590, 2.8215488215488214, 54, 0.07599609375, 0.6641177104040981
1595, 2.8260381593714925, 51, 0.06439453125, 0.6597450198791921
1600, 2.797979797979798, 51, 0.06263671875, 0.6467445170693099
1605, 2.7856341189674523, 51, 0.060703125, 0.6463947573490441
1610, 2.705948372615039, 52, 0.05947265625, 0.6564750964567065
1615, 3.2289562289562292, 53, 0.05771484375, 0.6535549327544868
1620, 3.748597081930415, 54, 0.056484375, 0.6179322352074087
1625, 3.7429854096520763, 51, 0.0554296875, 0.607337155379355
1630, 3.781144781144781, 52, 0.054375, 0.6212549525499343
1635, 3.920314253647587, 52, 0.055341796875, 0.6747756138956175
1640, 4.08641975308642, 54, 0.056044921875, 0.7156678045867011
1645, 4.240179573512907, 53, 0.055869140625, 0.7593527111574077
1650, 4.39618406285073, 52, 0.056572265625, 0.793629988648463
1655, 4.560044893378227, 53, 0.056220703125, 0.8048416849644855
1660, 4.692480359147026, 52, 0.053525390625, 0.8711203213920817
1665, 4.782267115600449, 54, 0.049658203125, 1.0032591572252567
1670, 5.5712682379349046, 54, 0.050009765625, 1.0436251616390655
1675, 5.71043771043771, 56, 0.049833984375, 1.2413246781437193
1680, 4.9472502805836145, 53, 0.050625, 1.263875518598361
1685, 4.955106621773289, 56, 0.050537109375, 1.354078880416928
1690, 4.959595959595959, 57, 0.050712890625, 1.4402230909536593
1695, 5.187429854096521, 56, 0.051591796875, 1.6512237881409237
1700, 5.404040404040404, 56, 0.052822265625, 1.7939706082188058
1705, 5.610549943883277, 53, 0.052646484375, 1.9770872478961246
1710, 6.378226711560045, 54, 0.052822265625, 2.0294803672190755
1715, 6.478114478114478, 53, 0.053173828125, 2.0665389150328703
1720, 6.662177328843996, 52, 0.053701171875, 2.1823750655015464
1725, 6.710437710437711, 54, 0.054052734375, 2.324219851961243
1730, 6.79685746352413, 56, 0.052998046875, 2.349589547472715
1735, 6.941638608305276, 58, 0.051416015625, 2.7116547365288715
1740, 6.982042648709315, 60, 0.04833984375, 2.9078366312297295
1745, 7.214365881032547, 60, 0.047724609375, 3.134942386975017
1750, 7.2592592592592595, 59, 0.04693359375, 3.1121096610146926
1755, 7.325476992143659, 58, 0.0459228515625, 3.4108519199375587
1760, 8.463524130190796, 56, 0.045615234375, 3.7985196597198954
1765, 7.604938271604938, 54, 0.04587890625, 4.248977395893125
1770, 7.68013468013468, 54, 0.0460107421875, 4.987616080709631
1775, 7.75645342312009, 54, 0.046318359375, 5.78398491709002
1780, 6.9393939393939394, 51, 0.0461865234375, 6.126095261062219
1785, 7.085297418630752, 50, 0.0460986328125, 6.464949827443779
1790, 7.213243546576879, 50, 0.04462646484375, 7.168984417719294
1795, 6.344556677890011, 50, 0.04423095703125, 8.145971391866079
1800, 5.356902356902357, 49, 0.04427490234375, 8.330993990658772
1805, 6.365881032547699, 51, 0.04445068359375, 8.096909219601947
1810, 6.429854096520764, 52, 0.04423095703125, 7.95393982742687
1815, 6.02020202020202, 50, 0.04396728515625, 7.551013566495765
1820, 6.061728395061729, 49, 0.04357177734375, 7.3022240618565455
1825, 4.117845117845118, 46, 0.04352783203125, 7.37820894259002
1830, 4.099887766554433, 48, 0.04359375, 7.173356579364731
1835, 5.245791245791246, 47, 0.0432421875, 7.1362199257754035
1840, 5.322109988776655, 48, 0.04300048828125, 7.194582557942663
1845, 5.3512906846240185, 48, 0.04291259765625, 7.256145031045527
1850, 5.367003367003368, 48, 0.04291259765625, 7.264814331683588
1855, 5.367003367003368, 48, 0.04304443359375, 7.280226421706807
1860, 5.37598204264871, 48, 0.04291259765625, 7.053005122267263
1865, 6.375982042648709, 52, 0.041572265625, 6.803377740311546
1870, 7.355780022446689, 55, 0.041572265625, 6.306765950674483
1875, 7.415263748597082, 54, 0.041748046875, 6.208356050256351
1880, 7.438832772166106, 53, 0.04194580078125, 5.936753639731426
1885, 7.544332210998878, 52, 0.04172607421875, 5.83428209217021
1890, 7.529741863075197, 53, 0.04172607421875, 5.669565380047056
1895, 8.610549943883278, 55, 0.0417041015625, 5.699982000633193
1900, 8.707070707070708, 53, 0.041484375, 5.6187323208196185
1905, 8.663299663299663, 53, 0.041484375, 5.48291327749
1910, 7.679012345679012, 51, 0.040693359375, 5.453920472338296
1915, 7.735129068462402, 51, 0.03974853515625, 5.397598278135224
1920, 7.758698092031426, 51, 0.03974853515625, 5.28200760296108
1925, 8.727272727272728, 55, 0.0394189453125, 5.226208146888075
1930, 8.756453423120089, 53, 0.03935302734375, 5.150592580211655
1935, 9.80695847362514, 55, 0.0394189453125, 5.081345203510108
1940, 8.764309764309765, 54, 0.0394189453125, 4.808262233411193
1945, 9.78675645342312, 55, 0.0394189453125, 4.868947337877618
1950, 9.815937149270484, 53, 0.0394189453125, 4.938301742982104
1955, 10.790123456790123, 55, 0.039287109375, 4.905176452272477
1960, 9.879910213243546, 54, 0.03908935546875, 4.942743421704074
1965, 9.906846240179574, 55, 0.03829833984375, 4.783986853769585
1970, 10.003367003367003, 56, 0.037353515625, 5.225948724133625
1975, 10.021324354657688, 57, 0.03636474609375, 5.805979119948883
1980, 10.185185185185185, 56, 0.0355078125, 6.389340774805615
1985, 10.232323232323234, 55, 0.03491455078125, 6.629010815362002
1990, 10.290684624017956, 54, 0.03412353515625, 6.927288940440281
1995, 9.429854096520764, 53, 0.033134765625, 6.8215415336989365
2000, 9.5331088664422, 50, 0.03234375, 7.23116598884731
2005, 9.597081930415264, 48, 0.03135498046875, 6.993121442160556
2010, 8.539842873176207, 47, 0.03056396484375, 7.591845017476629
2015, 8.545454545454545, 48, 0.03016845703125, 7.496482710457961
2020, 8.585858585858585, 48, 0.02924560546875, 8.071521792106985
2025, 7.597081930415264, 46, 0.02898193359375, 8.136079986904768
2030, 7.591470258136924, 46, 0.0287841796875, 8.294294723549378
2035, 7.638608305274971, 45, 0.02819091796875, 8.774086330737054
2040, 7.723905723905723, 47, 0.02726806640625, 9.101459458226788
2045, 7.723905723905723, 47, 0.02726806640625, 8.607715695324732
2050, 7.77665544332211, 45, 0.02687255859375, 8.30819587354048
2055, 7.699214365881033, 45, 0.02687255859375, 8.062746299225386
2060, 6.703703703703703, 44, 0.02647705078125, 7.816055028204317
2065, 5.682379349046015, 42, 0.02612548828125, 7.647711679431122
2070, 5.714927048260381, 42, 0.0255322265625, 7.38946134089264
2075, 4.608305274971942, 42, 0.02533447265625, 7.051155429274563
2080, 5.622895622895623, 41, 0.02513671875, 6.8900283494468555
2085, 5.666666666666666, 41, 0.02478515625, 6.8897204294473235
2090, 5.692480359147026, 40, 0.02458740234375, 6.876716478490234
2095, 5.735129068462402, 39, 0.023994140625, 6.858056466645532
2100, 5.732884399551066, 40, 0.02379638671875, 6.88230341686761
2105, 4.675645342312009, 39, 0.02340087890625, 6.702076784071672
2110, 5.696969696969697, 44, 0.023203125, 6.27653603478311
2115, 5.738496071829405, 42, 0.02300537109375, 6.25140860871498
2120, 4.6846240179573515, 42, 0.0228076171875, 6.195938630413639
2125, 4.682379349046015, 43, 0.02260986328125, 6.087640101349116
2130, 4.858585858585859, 43, 0.02260986328125, 5.890142596188293
2135, 6.79685746352413, 47, 0.02260986328125, 5.906600721618361
2140, 6.806958473625141, 47, 0.02221435546875, 5.756716641055639
2145, 6.791245791245791, 48, 0.02221435546875, 5.323319338063833
2150, 6.784511784511785, 49, 0.0221484375, 5.183564492448011
2155, 7.854096520763187, 51, 0.0221484375, 4.969608861857119
2160, 7.851851851851851, 51, 0.0217529296875, 4.904589107071663
2165, 7.836139169472503, 52, 0.0217529296875, 4.855214730781458
2170, 7.820426487093153, 53, 0.0217529296875, 4.992365776032028
2175, 7.8047138047138045, 54, 0.02155517578125, 4.963716446579687
2180, 7.8047138047138045, 54, 0.02155517578125, 5.029548948299961
2185, 8.794612794612796, 54, 0.02155517578125, 5.095381450020236
2190, 8.747474747474747, 57, 0.02155517578125, 5.0460070737300295
2195, 8.73063973063973, 58, 0.021456298828125, 5.000086871912802
2200, 8.767676767676766, 55, 0.021456298828125, 5.13175187535335
2205, 8.751964085297418, 56, 0.021060791015625, 5.0970069438898715
2210, 8.79685746352413, 56, 0.020863037109375, 5.354241348759832
2215, 8.781144781144782, 57, 0.020863037109375, 5.5517388539206545
2220, 8.80246913580247, 58, 0.020863037109375, 6.012566365962575
2225, 8.755331088664423, 61, 0.020863037109375, 6.144231369403124
2230, 8.771043771043772, 60, 0.020863037109375, 6.358186999994015
2235, 8.769921436588103, 60, 0.020665283203125, 6.543493301132563
2240, 8.769921436588103, 60, 0.020665283203125, 6.8232814334437295
2245, 8.707070707070708, 64, 0.020665283203125, 6.8068233080136595
2250, 8.707070707070708, 64, 0.020665283203125, 6.708074555433249
2255, 9.911335578002245, 64, 0.020467529296875, 6.995651512536423
2260, 9.895622895622894, 65, 0.020467529296875, 6.995651512536423
2265, 9.956228956228957, 63, 0.020467529296875, 7.127316515976971
2270, 9.955106621773288, 63, 0.020269775390625, 7.246790315395246
2275, 11.078563411896745, 65, 0.020269775390625, 7.814595642732612
2280, 11.011223344556678, 64, 0.020269775390625, 8.415317220930115
2285, 10.011223344556678, 61, 0.020269775390625, 8.217819715769293
2290, 9.99551066217733, 62, 0.020269775390625, 7.876313613095371
2295, 8.976430976430978, 62, 0.020269775390625, 7.658243451146961
2300, 8.99551066217733, 61, 0.020269775390625, 7.390798912908349
2305, 8.947250280583614, 60, 0.020269775390625, 7.045178278876909
2310, 7.937149270482603, 57, 0.020269775390625, 6.7736192092807785
2315, 7.976430976430976, 55, 0.020269775390625, 6.683099519415402
2320, 7.966329966329965, 56, 0.020269775390625, 6.666641393985333
2325, 7.957351290684624, 57, 0.020269775390625, 6.465029357466994
2330, 8.907968574635241, 59, 0.020269775390625, 6.467086623145752
2335, 8.896745230078563, 60, 0.020269775390625, 6.177012162440795
2340, 8.88888888888889, 60, 0.0201708984375, 6.109122395041762
2345, 7.785634118967452, 61, 0.0201708984375, 5.98568645431625
2350, 7.806958473625141, 60, 0.0201708984375, 5.843735122481909
2355, 7.79685746352413, 61, 0.0201708984375, 5.707955587683842
2360, 6.7766554433221105, 60, 0.01997314453125, 5.557114836249928
2365, 6.702581369248035, 60, 0.01997314453125, 5.4048771760217935
2370, 7.727272727272727, 62, 0.01997314453125, 5.188864279752141
2375, 7.726150392817059, 62, 0.01997314453125, 5.090115527171729
2380, 8.754208754208754, 63, 0.01997314453125, 5.071600136062902
2385, 8.739618406285073, 64, 0.01997314453125, 5.083943730135454
2390, 8.727272727272728, 65, 0.01997314453125, 4.931706069907319
2395, 7.701459034792368, 63, 0.020072021484375, 4.61591578821788
2400, 7.7418630751964095, 63, 0.020072021484375, 4.489393948974228
2405, 6.7272727272727275, 59, 0.020072021484375, 4.514081137119331
2410, 5.739618406285072, 58, 0.01997314453125, 4.656032468953672
2415, 5.762065095398429, 57, 0.020072021484375, 4.60897251655207
2420, 4.717171717171717, 56, 0.01997314453125, 4.555740767114191
2425, 5.955106621773289, 56, 0.019874267578125, 4.478593304160746
2430, 6, 57, 0.019874267578125, 4.489908265393918
2435, 6.014590347923681, 56, 0.019874267578125, 4.570141626865501
2440, 6.083052749719417, 53, 0.019874267578125, 4.435905041326505
2445, 7.006734006734007, 52, 0.019775390625, 4.398874259108853
2450, 6.02020202020202, 51, 0.019775390625, 4.286238963196822
2455, 8.103254769921437, 53, 0.019775390625, 4.233778688388478
2460, 8.115600448933783, 54, 0.019775390625, 4.1113713805023435
2465, 8.15712682379349, 54, 0.019874267578125, 4.021880323476346
2470, 7.675645342312008, 51, 0.019874267578125, 3.9887069144063627
2475, 7.727272727272727, 50, 0.019874267578125, 3.8652709736808486
2480, 7.726150392817059, 50, 0.01997314453125, 3.8097248003543673
2485, 6.69023569023569, 51, 0.01997314453125, 3.797381206281816
2490, 6.703703703703703, 50, 0.01997314453125, 3.6832029611107155
2495, 6.73063973063973, 48, 0.01997314453125, 3.6893747581469913
2500, 6.745230078563412, 47, 0.01997314453125, 3.660573038644372
2505, 5.696969696969697, 46, 0.01997314453125, 3.629714053462993
2510, 4.662177328843995, 44, 0.01997314453125, 3.5412516292763745
2515, 4.676767676767677, 43, 0.019874267578125, 3.590626005566581
2520, 4.695847362514029, 41, 0.019874267578125, 3.5952548533437874
2525, 4.673400673400673, 40, 0.019874267578125, 3.558224071126133
2530, 4.68574635241302, 40, 0.019874267578125, 3.5890830563075116
2535, 3.63973063973064, 38, 0.019874267578125, 3.3892711272580858
2540, 3.646464646464646, 39, 0.019874267578125, 3.3661268883720514
2545, 3.6150392817059487, 41, 0.019874267578125, 3.3414397002269483
2550, 2.5185185185185186, 42, 0.019874267578125, 3.3167525120818455
2555, 4.345679012345679, 45, 0.019874267578125, 3.3044089180092944
2560, 5.338945005611672, 47, 0.019676513671875, 3.2895678203349576
2565, 5.354657687991021, 46, 0.019676513671875, 3.3142550084800604
2570, 6.405162738496071, 46, 0.019676513671875, 3.3142550084800604
2575, 7.478114478114478, 49, 0.019676513671875, 3.234021647008475
2580, 7.462401795735129, 50, 0.019676513671875, 3.1599600825731664
2585, 7.4006734006734005, 52, 0.019676513671875, 3.1491594377596845
2590, 7.384960718294052, 53, 0.019676513671875, 3.11212865554203
2595, 6.417508417508418, 51, 0.019775390625, 3.012608428332084
2600, 6.53759820426487, 49, 0.019775390625, 2.9076878787153966
2605, 6.569023569023569, 50, 0.019775390625, 2.8822292159407583
2610, 6.58361391694725, 49, 0.019874267578125, 2.8729715203863453
2615, 7.629629629629629, 49, 0.019874267578125, 2.8143394485417246
2620, 6.709315375982043, 48, 0.019874267578125, 2.771136869287795
2625, 8.882154882154882, 50, 0.019874267578125, 2.7248483915157267
2630, 8.855218855218855, 49, 0.019874267578125, 2.601412450790211
2635, 8.823793490460158, 51, 0.019874267578125, 2.595240653753936
2640, 8.83838383838384, 50, 0.019874267578125, 2.616841943380901
2645, 8.892255892255891, 51, 0.019874267578125, 2.5304367848730407
2650, 7.897867564534231, 48, 0.019874267578125, 2.471033238398887
2655, 6.84287317620651, 48, 0.019874267578125, 2.4185729635905435
2660, 6.858585858585858, 47, 0.019874267578125, 2.434002456181233
2665, 4.729517396184063, 45, 0.019874267578125, 2.3661126887822004
2670, 4.709315375982043, 47, 0.019874267578125, 2.2920511243468913
2675, 4.616161616161616, 48, 0.019874267578125, 2.2519344436110993
2680, 5.574635241301908, 50, 0.019874267578125, 2.2210754584297208
2685, 5.54320987654321, 52, 0.019874267578125, 2.2118177628753073
2690, 5.511784511784512, 54, 0.019874267578125, 2.202560067320894
2695, 5.506172839506173, 55, 0.019874267578125, 2.1902164732483422
2700, 4.44668911335578, 55, 0.019874267578125, 2.1902164732483422
2705, 4.442199775533108, 56, 0.019874267578125, 2.1524142164011537
2710, 4.442199775533108, 56, 0.019874267578125, 2.121555231219775
2715, 4.434343434343434, 58, 0.019874267578125, 2.1338988252923268
2720, 5.499438832772166, 59, 0.019874267578125, 2.149328317883016
2725, 5.418630751964085, 60, 0.019874267578125, 2.1215552312197756
2730, 6.4859708193041525, 60, 0.019874267578125, 2.1215552312197756
2735, 6.517396184062852, 58, 0.019874267578125, 2.1030398401109482
2740, 6.517396184062852, 58, 0.019874267578125, 2.1122975356653617
2745, 6.507295173961841, 58, 0.019874267578125, 2.0906962460383967
2750, 6.507295173961841, 58, 0.019874267578125, 2.127727028256051
2755, 7.5420875420875415, 58, 0.019874267578125, 2.081438550483983
2760, 7.572390572390572, 56, 0.01997314453125, 2.0721808549295697
2765, 7.632996632996633, 55, 0.01997314453125, 2.0783526519658455
2770, 7.6127946127946124, 55, 0.01997314453125, 2.0752667534477074
2775, 7.675645342312008, 54, 0.019874267578125, 2.005834036789606
2780, 7.7979797979797985, 52, 0.019874267578125, 1.9595455590175381
2785, 8.745230078563413, 51, 0.01997314453125, 1.9286865738361596
2790, 7.773288439955106, 48, 0.01997314453125, 1.8592538571780581
2795, 7.738496071829405, 49, 0.01997314453125, 1.8700545019915409
2800, 7.726150392817059, 47, 0.01997314453125, 1.834566669032956
2805, 7.699214365881033, 45, 0.01997314453125, 1.8037076838515773
2810, 7.685746352413019, 46, 0.020072021484375, 1.749704459784165
2815, 7.705948372615039, 45, 0.020072021484375, 1.6771858446079253
2820, 7.611672278338945, 44, 0.020072021484375, 1.6494127579446844
2825, 6.590347923681257, 44, 0.020072021484375, 1.593866584618203
2830, 7.560044893378226, 43, 0.020072021484375, 1.5660934979549623
2835, 7.58361391694725, 43, 0.01997314453125, 1.5475781068461354
2840, 7.570145903479236, 44, 0.01997314453125, 1.5074614261103432
2845, 7.555555555555555, 44, 0.01997314453125, 1.3593382972397257
2850, 6.567901234567901, 43, 0.019874267578125, 1.3223075150220713
2855, 6.567901234567901, 45, 0.019874267578125, 1.3570238733511226
2860, 7.537598204264871, 44, 0.019874267578125, 1.3755392644599498
2865, 8.530864197530864, 48, 0.019874267578125, 1.3755392644599498
2870, 8.515151515151514, 49, 0.019874267578125, 1.3593382972397259
2875, 8.427609427609429, 48, 0.019874267578125, 1.3223075150220718
2880, 9.35578002244669, 48, 0.019874267578125, 1.2956916403031327
2885, 9.198653198653199, 49, 0.019874267578125, 1.2019574728146953
2890, 8.228956228956228, 49, 0.019874267578125, 1.1869137175387734
2895, 8.081930415263749, 49, 0.019775390625, 1.1329104934713607
2900, 8.06060606060606, 49, 0.019775390625, 1.0877792276435947
2905, 8.114478114478114, 46, 0.019775390625, 1.0877792276435947
2910, 7.9820426487093155, 46, 0.019775390625, 1.044962385704432
2915, 7.88327721661055, 47, 0.019775390625, 1.0245183080217686
2920, 7.784511784511785, 45, 0.019775390625, 1.0291471557989753
2925, 7.754208754208753, 47, 0.019775390625, 1.0210466721888634
2930, 7.7138047138047146, 47, 0.019775390625, 0.9967452213585278
2935, 7.6846240179573515, 46, 0.019775390625, 1.0002168571914327
2940, 6.680134680134681, 47, 0.019775390625, 0.980544254138304
2945, 6.686868686868687, 48, 0.019775390625, 0.9562428033079686
2950, 6.647586980920314, 49, 0.019775390625, 0.9601001764556409
2955, 6.5993265993265995, 50, 0.019775390625, 0.9531569047898307
2960, 6.615039281705948, 48, 0.019775390625, 0.9427419972911156
2965, 6.521885521885522, 48, 0.019775390625, 0.926541030070892
2970, 6.419753086419753, 51, 0.019775390625, 0.926541030070892
2975, 6.281705948372615, 51, 0.019775390625, 0.8848814000760308
2980, 5.47699214365881, 50, 0.019775390625, 0.8524794656355833
2985, 5.377104377104377, 51, 0.019775390625, 0.8432217700811697
2990, 6.20314253647587, 53, 0.019775390625, 0.8050337759192137
2995, 6.2659932659932664, 53, 0.019874267578125, 0.7957760803648002
3000, 5.354657687991021, 53, 0.019874267578125, 0.7969332923091018
3005, 5.32996632996633, 51, 0.019874267578125, 0.7957760803648002
3010, 5.320987654320987, 50, 0.019874267578125, 0.7749462653673695
3015, 6.084175084175084, 50, 0.019874267578125, 0.7680029937015594
3020, 6, 48, 0.019874267578125, 0.7610597220357492
3025, 6.718294051627385, 49, 0.019874267578125, 0.754116450369939
3030, 6.7766554433221105, 51, 0.019874267578125, 0.7483303906484305
3035, 6.7059483726150395, 53, 0.019874267578125, 0.730972211483905
3040, 6.7485970819304155, 52, 0.019874267578125, 0.7240289398180948
3045, 5.930415263748597, 51, 0.019874267578125, 0.7448587548155254
3050, 5.9539842873176205, 48, 0.019874267578125, 0.7518020264813355
3055, 5.133557800224467, 46, 0.019874267578125, 0.7552736623142406
3060, 5.127946127946128, 47, 0.019874267578125, 0.730972211483905
3065, 5.144781144781145, 49, 0.01997314453125, 0.730972211483905
3070, 5.1021324354657684, 49, 0.01997314453125, 0.7240289398180948
3075, 5.824915824915825, 50, 0.01997314453125, 0.7031991248206643
3080, 5.79685746352413, 49, 0.01997314453125, 0.7251861517623965
3085, 4.974186307519641, 49, 0.01997314453125, 0.7251861517623965
3090, 4.202020202020202, 47, 0.01997314453125, 0.7251861517623965
3095, 3.4466891133557804, 46, 0.01997314453125, 0.7251861517623965
3100, 3.4590347923681257, 46, 0.019874267578125, 0.7356010592611117
3105, 3.4511784511784516, 45, 0.019874267578125, 0.7448587548155252
3110, 3.415263748597082, 45, 0.019874267578125, 0.7413871189826203
3115, 3.3973063973063975, 45, 0.019874267578125, 0.7483303906484305
3120, 2.527497194163861, 44, 0.019874267578125, 0.7275005756509999
3125, 1.8282828282828283, 43, 0.019874267578125, 0.7275005756509998
3130, 1.8181818181818181, 41, 0.019874267578125, 0.73444384731681
3135, 1.7519640852974188, 45, 0.019874267578125, 0.7188214860687371
3140, 1.755331088664422, 45, 0.019874267578125, 0.7101423964864744
3145, 1.7777777777777777, 43, 0.019775390625, 0.6979916710713066
3150, 1.718294051627385, 44, 0.019874267578125, 0.6754260381574235
3155, 0.9932659932659932, 44, 0.019874267578125, 0.6598036769093505
3160, 0.9797979797979799, 45, 0.019874267578125, 0.6441813156612777
3165, 1.510662177328844, 46, 0.01997314453125, 0.6302947723296574
3170, 3.590347923681257, 49, 0.01997314453125, 0.608886351360076
3175, 4.386083052749719, 49, 0.01997314453125, 0.6077291394157743
3180, 4.441077441077441, 51, 0.019874267578125, 0.6094649573322269
3185, 4.558922558922559, 50, 0.019874267578125, 0.6013644737221151
3190, 4.57351290684624, 51, 0.019874267578125, 0.6175654409423389
3195, 4.728395061728395, 50, 0.019874267578125, 0.678319068018178
3200, 4.8047138047138045, 50, 0.019874267578125, 0.6945200352384017
3205, 5.609427609427609, 52, 0.019874267578125, 0.7448587548155252
3210, 6.45679012345679, 54, 0.019874267578125, 0.7674243877294082
3215, 6.6273849607182935, 53, 0.019874267578125, 0.8247063789723424
3220, 6.749719416386083, 52, 0.019874267578125, 0.9120758807671203
3225, 6.971941638608305, 53, 0.019874267578125, 0.9519996928455289
3230, 6.077441077441077, 51, 0.019874267578125, 0.9450564211797188
3235, 4.52300785634119, 48, 0.019874267578125, 0.9462136331240204
3240, 4.369248035914702, 46, 0.019874267578125, 0.9149689106278746
3245, 4.262626262626262, 46, 0.019874267578125, 0.8681018268836557
3250, 4.869809203142537, 47, 0.019874267578125, 0.8438003760533199
3255, 4.777777777777778, 45, 0.019874267578125, 0.8021407460584591
3260, 4.735129068462403, 46, 0.019874267578125, 0.7778392952281235
3265, 4.584736251402918, 49, 0.019874267578125, 0.7437015428712235
3270, 3.7474747474747474, 48, 0.019874267578125, 0.7072493666257204
3275, 3.638608305274972, 45, 0.019874267578125, 0.6586464649650491
3280, 3.4927048260381595, 46, 0.019874267578125, 0.6308733783018082
3285, 3.4377104377104373, 45, 0.019775390625, 0.6291375603853556
3290, 3.4377104377104373, 45, 0.019775390625, 0.6256659245524506
3295, 3.4130190796857467, 46, 0.019775390625, 0.6100435633043777
3300, 3.2895622895622894, 48, 0.019775390625, 0.5978928378892099
3305, 3.955106621773288, 50, 0.019874267578125, 0.6221942887195455
3310, 4.107744107744108, 49, 0.019874267578125, 0.6875767635725915
3315, 4.19304152637486, 47, 0.019874267578125, 0.6916270053776472
3320, 4.325476992143659, 48, 0.019874267578125, 0.7454373607876755
3325, 4.465768799102133, 48, 0.019874267578125, 0.7523806324534857
3330, 4.539842873176206, 49, 0.019874267578125, 0.78941141467114
3335, 4.626262626262626, 50, 0.019874267578125, 0.8275994088330957
3340, 4.8338945005611675, 51, 0.019874267578125, 0.8900888538253873
3345, 5.080808080808081, 50, 0.019874267578125, 0.9305912718759464
3350, 5.204264870931538, 48, 0.019874267578125, 0.9896090810353332
3355, 5.249158249158249, 48, 0.019874267578125, 1.0272184692251383
3360, 5.439955106621773, 45, 0.019874267578125, 1.1122735471313128
3365, 6.312008978675646, 47, 0.019775390625, 1.1261600904629332
3370, 4.664421997755331, 45, 0.019775390625, 1.157404812959079
3375, 3.8799102132435466, 43, 0.019775390625, 1.1944355951767336
3380, 3.102132435465769, 41, 0.019676513671875, 1.2413026789209523
3385, 2.9865319865319866, 40, 0.019676513671875, 1.2916413984980761
3390, 3.9147025813692484, 41, 0.019676513671875, 1.3581810852954235
3395, 3.885521885521886, 43, 0.019676513671875, 1.3535522375182167
3400, 3.89337822671156, 44, 0.019676513671875, 1.3726462345991948
3405, 3.9539842873176205, 42, 0.019775390625, 1.4229849541763184
3410, 4.0246913580246915, 42, 0.019775390625, 1.440343133340844
3415, 4.081930415263749, 45, 0.019775390625, 1.502832578333135
3420, 4.112233445566779, 46, 0.019676513671875, 1.509775849998945
3425, 6.034792368125701, 49, 0.019676513671875, 1.487210217085062
3430, 6.118967452300786, 48, 0.019676513671875, 1.4993609425002299
3435, 6.065095398428732, 50, 0.019676513671875, 1.5687936591583316
3440, 6.163860830527497, 48, 0.019775390625, 1.5687936591583316
3445, 6.252525252525253, 48, 0.019775390625, 1.6173965608190022
3450, 6.312008978675646, 47, 0.019775390625, 1.6208681966519072
3455, 6.312008978675646, 47, 0.019775390625, 1.584416020406404
3460, 5.218855218855219, 45, 0.019775390625, 1.57834065769882
3465, 5.092031425364759, 44, 0.019775390625, 1.5219265754141127
3470, 4.993265993265993, 45, 0.019775390625, 1.5045683962495875
3475, 4.830527497194164, 45, 0.019775390625, 1.4351356795914862
3480, 3.8316498316498318, 45, 0.019775390625, 1.4038909570953404
3485, 3.7519640852974185, 45, 0.019775390625, 1.337929876270144
3490, 4.594837261503929, 46, 0.019676513671875, 1.312760516481582
3495, 4.569023569023569, 44, 0.019676513671875, 1.2684971596120425
3500, 6.246913580246914, 46, 0.019676513671875, 1.2346487102412178
3505, 6.092031425364759, 47, 0.019775390625, 1.2068756235779772
3510, 5.98989898989899, 46, 0.019775390625, 1.1886495354552253
3515, 6.012345679012346, 44, 0.019874267578125, 1.1756309010818315
3520, 5.767676767676767, 45, 0.019874267578125, 1.0766892798440362
3525, 5.757575757575758, 47, 0.019874267578125, 1.0749534619275836
3530, 5.977553310886644, 46, 0.019874267578125, 1.0810288246351674
3535, 6.133557800224467, 45, 0.019874267578125, 1.0732176440111312
3540, 6.382716049382715, 46, 0.019874267578125, 1.0914437321338828
3545, 6.407407407407407, 47, 0.019775390625, 1.0836325515098462
3550, 6.453423120089787, 48, 0.019676513671875, 1.1070660933819558
3555, 6.546576879910214, 48, 0.019676513671875, 1.1331033621287439
3560, 6.616161616161616, 51, 0.019676513671875, 1.0845004604680724
3565, 6.539842873176206, 51, 0.019676513671875, 1.0688780992199995
3570, 6.625140291806958, 50, 0.019676513671875, 1.0688780992199995
3575, 6.76094276094276, 53, 0.019676513671875, 1.100122821716145
3580, 6.826038159371493, 55, 0.019676513671875, 1.0740855529693567
3585, 6.8181818181818175, 56, 0.019676513671875, 1.0662743723453203
3590, 6.87317620650954, 55, 0.019676513671875, 1.058463191721284
3595, 6.992143658810325, 54, 0.019775390625, 1.0532557379719263
3600, 7.151515151515151, 53, 0.019775390625, 1.085368369426298
3605, 7.1661054994388325, 52, 0.019775390625, 1.0810288246351667
3610, 7.1818181818181825, 55, 0.019775390625, 1.0445766483896635
3615, 6.250280583613916, 53, 0.019775390625, 1.0523878290137003
3620, 6.226711560044893, 53, 0.019775390625, 1.0862362783845247
3625, 6.269360269360269, 54, 0.019775390625, 1.1001228217161452
3630, 6.3367003367003365, 54, 0.019775390625, 1.1834420817058673
3635, 6.3512906846240185, 53, 0.019775390625, 1.194724898162809
3640, 6.368125701459035, 51, 0.019775390625, 1.2129509862855605
3645, 6.390572390572391, 51, 0.019775390625, 1.2190263489931445
3650, 6.37037037037037, 53, 0.019775390625, 1.2598180700297794
3655, 6.349046015712682, 53, 0.019775390625, 1.2849874298183415
3660, 7.230078563411897, 54, 0.019775390625, 1.2954023373170565
3665, 6.219977553310887, 53, 0.019775390625, 1.2528747983639692
3670, 6.1739618406285075, 50, 0.019775390625, 1.2372524371158966
3675, 6.107744107744108, 49, 0.019775390625, 1.2181584400349186
3680, 5.148148148148148, 49, 0.019775390625, 1.1825741727476415
3685, 5.02020202020202, 50, 0.01957763671875, 1.180838354831189
3690, 5.026936026936027, 51, 0.01957763671875, 1.1686876294160213
3695, 4.924803591470258, 50, 0.01957763671875, 1.1270279994211598
3700, 4.767676767676768, 46, 0.01957763671875, 1.095783276925014
3705, 5.65993265993266, 48, 0.019676513671875, 1.0836325515098464
3710, 5.680134680134681, 49, 0.019676513671875, 1.1331033621287436
3715, 6.681257014590349, 51, 0.019676513671875, 1.13397127108697
3720, 6.764309764309765, 53, 0.019676513671875, 1.1261600904629336
3725, 5.897867564534231, 51, 0.019676513671875, 1.159140630875532
3730, 5.962962962962963, 51, 0.019775390625, 1.1869137175387727
3735, 5.99438832772166, 52, 0.019775390625, 1.1990644429539408
3740, 5.093153759820426, 51, 0.019775390625, 1.1886495354552256
3745, 5.029180695847363, 49, 0.019775390625, 1.1574048129590797
3750, 5.023569023569023, 51, 0.019775390625, 1.1400466337945543
3755, 4.962962962962963, 54, 0.019775390625, 1.1365749979616493
3760, 4.879910213243546, 52, 0.019775390625, 1.107066093381956
3765, 4.866442199775533, 49, 0.019775390625, 1.1001228217161458
3770, 5.7665544332211, 50, 0.019775390625, 1.087972096300978
3775, 5.86307519640853, 49, 0.019775390625, 1.1140093650477663
3780, 5.902356902356902, 48, 0.019775390625, 1.1259672218055503
3785, 5.8765432098765435, 48, 0.019775390625, 1.1311746755549081
3790, 5.980920314253647, 46, 0.019775390625, 1.1233634949308715
3795, 6.029180695847362, 44, 0.019775390625, 1.114684405348609
3800, 6.0460157126823795, 44, 0.019775390625, 1.124231403889098
3805, 7.049382716049382, 44, 0.019775390625, 1.1224955859726453
3810, 6.222222222222222, 44, 0.019775390625, 1.1520044905523388
3815, 6.241301907968574, 45, 0.019775390625, 1.1546082174270176
3820, 5.285072951739619, 46, 0.019775390625, 1.1841171220067108
3825, 5.312008978675645, 47, 0.019874267578125, 1.250946111790134
3830, 5.342312008978676, 49, 0.019874267578125, 1.292605741784995
3835, 4.3658810325476995, 50, 0.019874267578125, 1.2821908342862798
3840, 5.270482603815937, 52, 0.019775390625, 1.3064922851166154
3845, 5.343434343434343, 52, 0.019775390625, 1.2952094686596738
3850, 5.335578002244669, 52, 0.019775390625, 1.2743796536622434
3855, 5.267115600448934, 53, 0.019775390625, 1.3012848313672578
3860, 5.322109988776655, 50, 0.019775390625, 1.3724533659418117
3865, 4.3726150392817065, 48, 0.019775390625, 1.4010943615632785
3870, 4.423120089786757, 46, 0.019775390625, 1.4453577184328186
3875, 4.491582491582491, 43, 0.019775390625, 1.5529784292528754
3880, 4.534231200897867, 43, 0.019775390625, 1.660599140072933
3885, 4.534231200897867, 43, 0.019775390625, 1.6849005909032682
3890, 3.5690235690235688, 42, 0.019775390625, 1.736975128396844
3895, 3.5555555555555554, 43, 0.019775390625, 1.7517295806866906
3900, 4.586980920314254, 44, 0.019775390625, 1.6788252281956841
3905, 4.5780022446689115, 44, 0.019874267578125, 1.7274281298563547
3910, 4.572390572390573, 45, 0.019874267578125, 1.765616124018311
3915, 4.5712682379349046, 46, 0.019874267578125, 1.779502667349931
3920, 4.526374859708193, 49, 0.019775390625, 1.8315772048435073
3925, 4.576879910213243, 48, 0.019874267578125, 1.8871233781699885
3930, 4.625140291806958, 47, 0.019874267578125, 1.8767084706712733
3935, 4.6127946127946124, 48, 0.019874267578125, 1.897538285668704
3940, 4.622895622895623, 48, 0.019874267578125, 1.9241541603876429
3945, 4.608305274971942, 49, 0.019874267578125, 1.9623421545495987
3950, 5.530864197530865, 52, 0.019874267578125, 1.9415123395521683
3955, 5.560044893378227, 50, 0.019874267578125, 1.9658137903825037
3960, 5.545454545454546, 51, 0.019874267578125, 1.9918510591292917
3965, 5.574635241301908, 49, 0.019775390625, 2.0161525099596274
3970, 5.60381593714927, 47, 0.019676513671875, 2.005737602460912
3975, 5.632996632996632, 45, 0.019676513671875, 2.016152509959627
3980, 5.666666666666666, 44, 0.019676513671875, 2.126376947654363
3985, 4.60942760942761, 44, 0.019676513671875, 2.2027529359782743
3990, 4.679012345679013, 43, 0.019676513671875, 2.3060341020072013
3995, 4.722783389450056, 40, 0.019676513671875, 2.436220445741142
4000, 3.7283950617283947, 38, 0.019676513671875, 2.5273508863549004
4005, 4.699214365881033, 40, 0.019676513671875, 2.5976515119712293
4010, 4.654320987654321, 40, 0.019676513671875, 2.5976515119712293
4015, 5.69023569023569, 42, 0.01957763671875, 2.6879140436267615
4020, 5.646464646464647, 45, 0.01957763671875, 2.689649861543214
4025, 5.675645342312009, 43, 0.01957763671875, 2.7634221229924467
4030, 5.652076318742985, 43, 0.01957763671875, 2.8623637442302425
4035, 5.681257014590348, 41, 0.01957763671875, 2.9699844550503003
4040, 5.695847362514029, 40, 0.01957763671875, 3.0090403581704828
4045, 4.667789001122334, 40, 0.01957763671875, 3.103642434617147
4050, 5.7665544332211, 41, 0.019478759765625, 3.2494511395991608
4055, 5.7665544332211, 41, 0.019478759765625, 3.288507042719343
4060, 5.81705948372615, 43, 0.019478759765625, 3.254658593348518
4065, 5.81705948372615, 43, 0.019478759765625, 3.345789033962277
4070, 6.814814814814815, 45, 0.019478759765625, 3.2911107695940216
4075, 6.811447811447811, 47, 0.019478759765625, 3.406542661038116
4080, 6.782267115600449, 49, 0.019478759765625, 3.4924656479025167
4085, 6.79685746352413, 48, 0.019478759765625, 3.4586171985316922
4090, 5.785634118967453, 46, 0.019478759765625, 3.4586171985316922
4095, 5.854096520763187, 47, 0.019478759765625, 3.6122370841377425
4100, 5.808080808080808, 45, 0.019478759765625, 3.604425903513706
4105, 6.803591470258137, 47, 0.01957763671875, 3.6356706260098526
4110, 6.819304152637486, 46, 0.019676513671875, 3.6877451635034286
4115, 6.804713804713805, 47, 0.019676513671875, 3.764121151827341
4120, 6.819304152637486, 46, 0.019676513671875, 3.764121151827341
4125, 6.803591470258137, 47, 0.019676513671875, 3.8031770549475232
4130, 6.811447811447811, 48, 0.019676513671875, 3.8292143236943117
4135, 6.811447811447811, 48, 0.019676513671875, 3.782347239950093
4140, 6.811447811447811, 48, 0.019676513671875, 3.7484987905792684
4145, 6.838383838383838, 47, 0.019676513671875, 3.8344217774436693
4150, 5.835016835016836, 46, 0.019676513671875, 3.8344217774436693
4155, 5.805836139169473, 48, 0.019676513671875, 3.8344217774436693
4160, 5.7766554433221105, 50, 0.019676513671875, 3.975023028676325
4165, 5.7912457912457915, 49, 0.019676513671875, 3.8344217774436693
4170, 5.872053872053872, 49, 0.019676513671875, 3.852647865566421
4175, 5.886644219977553, 48, 0.019676513671875, 3.797969601198166
4180, 5.829405162738496, 46, 0.019676513671875, 3.904722403059998
4185, 5.829405162738496, 47, 0.019676513671875, 3.8031770549475237
4190, 5.882154882154882, 48, 0.019676513671875, 3.863062773065136
4195, 5.896745230078563, 47, 0.019676513671875, 4.016682658671186
4200, 5.9259259259259265, 45, 0.019676513671875, 4.00887147804715
4205, 5.940516273849608, 44, 0.019676513671875, 3.975023028676326
4210, 5.882154882154882, 48, 0.019676513671875, 3.975023028676326
4215, 5.938271604938271, 48, 0.019874267578125, 4.103907508972927
4220, 5.993265993265993, 48, 0.02036865234375, 4.18592490552531
4225, 6.081930415263749, 45, 0.0209619140625, 4.314809385821912
4230, 6.140291806958474, 44, 0.021357421875, 4.433929890338467
4235, 6.9966329966329965, 43, 0.0217529296875, 4.60382306891126
4240, 6.948372615039282, 46, 0.022049560546875, 4.466151010412617
4245, 6.947250280583614, 46, 0.02234619140625, 4.451505046742549
4250, 6.945005611672278, 46, 0.02274169921875, 4.335313734960007
4255, 6.932659932659932, 45, 0.02313720703125, 4.391944794484271
4260, 6.915824915824915, 46, 0.02353271484375, 4.304069012463861
4265, 6.882154882154882, 48, 0.023829345703125, 4.365582059878148
4270, 6.866442199775532, 49, 0.0241259765625, 4.468103805568626
4275, 6.881032547699214, 48, 0.024027099609375, 4.624327418049355
4280, 5.814814814814815, 49, 0.024422607421875, 4.568672756103095
4285, 4.778900112233445, 48, 0.0247686767578125, 4.518876479624863
4290, 4.780022446689113, 48, 0.0248675537109375, 4.539380828762959
4295, 4.7665544332211, 49, 0.0250653076171875, 4.642878972031442
4300, 4.769921436588103, 49, 0.0251641845703125, 4.698533633977701
4305, 4.787878787878788, 48, 0.0253619384765625, 4.80984295787022
4310, 4.774410774410774, 49, 0.0256585693359375, 4.868426812550494
4315, 4.745230078563411, 51, 0.0257574462890625, 4.937100108870148
4320, 4.760942760942761, 50, 0.02590576171875, 4.989825578082394
4325, 3.695847362514029, 48, 0.026202392578125, 4.89902060332797
4330, 4.7272727272727275, 46, 0.026400146484375, 4.95028147617321
4335, 4.742985409652077, 45, 0.0264495849609375, 4.764277737563342
4340, 4.758698092031426, 45, 0.0265484619140625, 4.601707540825583
4345, 4.734006734006734, 47, 0.0266473388671875, 4.538729897044289
4350, 4.778900112233445, 44, 0.0268450927734375, 4.33954479113136
4355, 4.722783389450056, 45, 0.0268450927734375, 4.1550056488884985
4360, 5.775533108866442, 47, 0.0269439697265625, 3.9799863830311817
4365, 6.804713804713805, 46, 0.027191162109375, 3.9763248921